object_list:
- arm_name: left
  object_name: book
  pick_pose:
    orientation:
      w: 0.0
      x: 0.0
      y: 0.0
      z: 0.0
    position:
      x: 0.6263377666473389
      y: 0.3731553852558136
      z: 0.7201995253562927
  place_pose:
    orientation:
      w: 0.0
      x: 0.0
      y: 0.0
      z: 0.0
    position:
      x: 0
      y: 0
      z: 0
  test_scene_num: 2
